x_wing = [[0, 0, 3, 8, 0, 0, 5, 1, 0], [0, 0, 8, 7, 0, 0, 9, 3, 0], [1, 0, 0, 3, 0, 5, 7, 2, 8], [0, 0, 0, 2, 0, 0, 8, 4, 9], [8, 0, 1, 9, 0, 6, 2, 5, 7], [0, 0, 0, 5, 0, 0, 1, 6, 3], [9, 6, 4, 1, 2, 7, 3, 8, 5], [3, 8, 2, 6, 5, 9, 4, 7, 1], [0, 1, 0, 4, 0, 0, 6, 9, 2]]
locked_candidates_2 = [[3, 1, 8, 0, 0, 5, 4, 0, 6], [0, 0, 0, 6, 0, 3, 8, 1, 0], [0, 0, 6, 0, 8, 0, 5, 0, 3], [8, 6, 4, 9, 5, 2, 1, 3, 7], [1, 2, 3, 4, 7, 6, 9, 5, 8], [7, 9, 5, 3, 1, 8, 2, 6, 4], [0, 3, 0, 5, 0, 0, 7, 8, 0], [0, 0, 0, 0, 0, 7, 3, 0, 5], [0, 0, 0, 0, 3, 9, 6, 4, 1]]
naked_triple = [[0, 0, 0, 2, 9, 4, 3, 8, 0], [0, 0, 0, 1, 7, 8, 6, 4, 0], [4, 8, 0, 3, 5, 6, 1, 0, 0], [0, 0, 4, 8, 3, 7, 5, 0, 1], [0, 0, 0, 4, 1, 5, 7, 0, 0], [5, 0, 0, 6, 2, 9, 8, 3, 4], [9, 5, 3, 7, 8, 2, 4, 1, 6], [1, 2, 6, 5, 4, 3, 9, 7, 8], [0, 4, 0, 9, 6, 1, 2, 5, 3]]
extreme_20_10_2020 = [[8, 0, 0, 0, 9, 0, 0, 0, 2], [0, 0, 0, 2, 0, 3, 0, 0, 0], [0, 0, 6, 0, 7, 0, 9, 0, 0], [0, 2, 0, 0, 0, 0, 0, 3, 0], [7, 0, 1, 0, 3, 0, 6, 0, 8], [0, 6, 0, 0, 0, 0, 0, 4, 0], [0, 0, 5, 0, 1, 0, 7, 0, 0], [0, 0, 0, 5, 0, 4, 0, 0, 0], [4, 0, 0, 0, 8, 0, 0, 0, 6]]
joku_vaikea = [[0, 6, 0, 0, 1, 0, 5, 0, 0], [1, 0, 0, 0, 0, 5, 0, 7, 0], [0, 9, 8, 0, 0, 4, 0, 0, 0], [8, 0, 0, 0, 0, 0, 0, 0, 0], [0, 4, 0, 0, 0, 0, 0, 0, 6], [0, 0, 0, 0, 0, 3, 0, 9, 1], [9, 0, 0, 3, 0, 2, 0, 0, 0], [0, 0, 7, 5, 0, 8, 0, 0, 3], [0, 0, 0, 1, 0, 0, 2, 0, 4]]
sudokucomin_expert = [[0, 0, 0, 0, 7, 0, 0, 3, 0], [0, 0, 5, 0, 0, 0, 1, 0, 0], [0, 8, 0, 3, 0, 9, 0, 0, 0], [5, 0, 3, 0, 2, 7, 0, 8, 0], [6, 0, 0, 0, 0, 0, 0, 0, 7], [0, 0, 2, 5, 0, 0, 0, 0, 0], [0, 0, 0, 4, 5, 0, 0, 0, 8], [0, 4, 0, 0, 0, 0, 0, 6, 0], [0, 0, 0, 0, 0, 6, 0, 0, 9]]
gm_1 = [[0, 2, 0, 4, 0, 5, 0, 0, 0], [1, 0, 0, 7, 0, 0, 0, 0, 0], [8, 0, 7, 0, 0, 0, 0, 9, 0], [7, 0, 0, 0, 0, 0, 0, 0, 0], [0, 6, 0, 0, 1, 9, 3, 0, 0], [0, 0, 0, 0, 0, 0, 0, 1, 2], [0, 0, 0, 0, 2, 6, 0, 0, 0], [0, 0, 2, 3, 4, 0, 9, 0, 0], [9, 0, 3, 0, 0, 0, 0, 0, 7]]
ggg = [[0, 2, 0, 4, 0, 5, 0, 0, 0], [1, 0, 0, 7, 0, 0, 0, 0, 0], [8, 0, 7, 0, 0, 0, 0, 9, 0], [7, 0, 0, 0, 0, 0, 0, 0, 0], [0, 6, 0, 0, 1, 9, 3, 0, 0], [0, 0, 0, 0, 0, 0, 0, 1, 2], [0, 0, 0, 0, 2, 6, 0, 0, 0], [0, 0, 2, 3, 4, 0, 9, 0, 0], [9, 0, 3, 0, 0, 0, 0, 0, 7]]
gm_2 = [[0, 3, 0, 2, 0, 0, 0, 0, 0], [0, 0, 0, 0, 8, 0, 0, 0, 0], [0, 0, 5, 0, 0, 4, 9, 1, 0], [6, 7, 4, 0, 0, 0, 3, 0, 0], [5, 0, 0, 0, 7, 9, 0, 0, 0], [0, 0, 0, 1, 0, 0, 2, 0, 0], [3, 5, 0, 0, 0, 0, 0, 8, 0], [1, 0, 7, 0, 6, 0, 0, 0, 0], [0, 4, 0, 0, 0, 1, 0, 7, 0]]
gm_3 = [[7, 2, 0, 5, 8, 0, 0, 0, 0], [0, 0, 0, 0, 6, 0, 0, 0, 0], [0, 0, 0, 0, 0, 0, 0, 4, 1], [0, 0, 0, 0, 0, 0, 0, 0, 0], [0, 3, 6, 0, 0, 0, 9, 0, 0], [0, 8, 0, 0, 2, 0, 7, 3, 4], [0, 0, 3, 0, 0, 9, 0, 0, 2], [0, 0, 4, 0, 0, 1, 0, 5, 0], [9, 6, 0, 0, 0, 0, 0, 0, 0]]
gm_4 = [[0, 0, 0, 0, 0, 0, 0, 5, 0], [0, 0, 6, 0, 0, 0, 0, 4, 0], [0, 4, 5, 8, 0, 0, 0, 0, 0], [7, 1, 0, 5, 0, 0, 6, 0, 0], [0, 0, 0, 3, 0, 9, 0, 0, 0], [6, 0, 0, 0, 0, 0, 3, 0, 2], [1, 0, 0, 0, 2, 6, 0, 0, 0], [0, 0, 0, 0, 3, 0, 0, 7, 0], [0, 2, 0, 0, 0, 4, 0, 0, 8]]
gm2_53 = [[8, 0, 0, 0, 0, 0, 4, 0, 6], [0, 0, 0, 0, 0, 0, 0, 0, 0], [5, 4, 6, 0, 3, 0, 0, 0, 8], [2, 9, 0, 0, 0, 5, 0, 0, 0], [7, 0, 0, 0, 0, 0, 0, 0, 0], [0, 0, 0, 4, 0, 0, 0, 0, 5], [0, 0, 0, 0, 8, 0, 7, 9, 0], [3, 0, 5, 7, 1, 0, 2, 0, 0], [0, 7, 0, 0, 0, 0, 8, 0, 0]]
gm2_54 = [[1, 0, 0, 0, 0, 0, 0, 0, 0], [6, 0, 2, 7, 0, 0, 5, 0, 0], [0, 0, 0, 0, 4, 3, 7, 0, 0], [2, 9, 3, 0, 8, 0, 0, 0, 0], [0, 5, 0, 0, 0, 0, 0, 0, 0], [0, 0, 0, 4, 7, 0, 0, 9, 0], [0, 0, 1, 5, 0, 0, 0, 0, 2], [7, 0, 0, 0, 0, 0, 6, 0, 0], [0, 0, 0, 0, 0, 0, 9, 4, 5]]
gm_51 = [[5, 7, 0, 0, 0, 0, 8, 0, 0], [0, 0, 0, 2, 0, 9, 0, 0, 0], [0, 6, 0, 0, 8, 4, 0, 3, 0], [0, 0, 0, 1, 4, 7, 0, 0, 8], [3, 1, 8, 0, 0, 0, 9, 0, 0], [0, 0, 0, 0, 0, 0, 0, 0, 5], [0, 0, 0, 0, 9, 0, 0, 0, 4], [0, 0, 0, 0, 0, 0, 0, 2, 0], [6, 0, 9, 0, 0, 0, 5, 0, 0]]
gm_52 = [[0, 0, 9, 6, 0, 0, 0, 5, 4], [3, 7, 0, 0, 0, 0, 0, 0, 0], [4, 0, 0, 0, 0, 0, 0, 0, 0], [0, 0, 0, 2, 9, 0, 3, 0, 0], [0, 8, 0, 7, 1, 0, 2, 0, 0], [0, 0, 6, 0, 0, 0, 0, 1, 0], [0, 0, 0, 0, 7, 8, 0, 0, 3], [1, 2, 0, 0, 0, 0, 0, 7, 0], [0, 0, 0, 0, 4, 0, 0, 0, 6]]
gm_5 = [[0, 2, 0, 0, 0, 0, 0, 0, 0], [0, 0, 9, 0, 7, 0, 0, 4, 0], [0, 0, 0, 5, 0, 0, 6, 0, 8], [0, 0, 0, 4, 2, 0, 3, 8, 0], [8, 0, 0, 0, 5, 0, 7, 0, 0], [7, 0, 0, 0, 3, 0, 0, 5, 2], [0, 5, 0, 1, 0, 0, 0, 0, 0], [0, 0, 0, 7, 0, 0, 0, 1, 6], [0, 1, 3, 0, 6, 0, 0, 0, 0]]
gm_6 = [[8, 0, 3, 0, 9, 0, 0, 0, 0], [0, 0, 0, 0, 0, 0, 5, 8, 7], [0, 0, 0, 0, 0, 0, 0, 0, 0], [0, 4, 0, 0, 0, 0, 3, 5, 0], [0, 0, 2, 1, 0, 8, 0, 0, 0], [6, 0, 9, 4, 0, 0, 0, 0, 0], [0, 3, 0, 0, 0, 0, 9, 7, 0], [0, 0, 0, 0, 0, 4, 0, 0, 0], [0, 0, 0, 9, 1, 0, 6, 0, 8]]
gm_7 = [[0, 0, 0, 9, 0, 0, 0, 5, 7], [1, 0, 4, 0, 0, 0, 0, 0, 0], [0, 0, 0, 7, 0, 2, 6, 0, 0], [4, 0, 3, 2, 0, 0, 0, 1, 0], [0, 0, 6, 0, 4, 0, 3, 0, 0], [0, 0, 1, 0, 0, 0, 0, 2, 0], [0, 0, 0, 0, 0, 0, 8, 0, 0], [6, 0, 0, 3, 0, 0, 0, 0, 0], [0, 5, 0, 0, 8, 6, 0, 0, 2]]
gm_8 = [[1, 7, 6, 0, 0, 0, 0, 0, 8], [0, 0, 3, 0, 0, 0, 0, 0, 0], [0, 0, 0, 1, 9, 2, 0, 0, 0], [0, 8, 9, 0, 6, 0, 0, 5, 0], [0, 0, 2, 0, 1, 0, 3, 0, 0], [4, 0, 0, 0, 0, 5, 0, 0, 0], [0, 0, 0, 0, 0, 9, 0, 8, 5], [9, 1, 0, 0, 0, 0, 6, 0, 0], [0, 0, 5, 0, 0, 0, 2, 4, 9]]
gm_9 = [[0, 5, 0, 0, 4, 7, 0, 3, 0], [4, 0, 0, 0, 6, 0, 2, 0, 0], [0, 0, 0, 0, 0, 0, 0, 0, 0], [0, 0, 0, 0, 0, 5, 0, 0, 3], [3, 2, 0, 0, 0, 0, 0, 1, 0], [0, 1, 0, 6, 0, 4, 0, 0, 0], [0, 0, 5, 7, 0, 0, 0, 6, 4], [0, 0, 9, 0, 2, 0, 7, 0, 0], [0, 8, 0, 1, 0, 0, 3, 0, 2]]
gm_10 = [[0, 0, 0, 0, 0, 5, 2, 0, 0], [0, 6, 7, 2, 3, 0, 0, 0, 0], [0, 8, 0, 0, 0, 6, 0, 5, 4], [1, 2, 0, 5, 0, 0, 0, 0, 0], [0, 0, 0, 0, 0, 0, 9, 1, 0], [3, 0, 0, 6, 2, 0, 0, 0, 0], [7, 0, 8, 0, 0, 0, 0, 0, 3], [0, 0, 3, 7, 6, 0, 4, 0, 0], [0, 0, 0, 0, 0, 0, 0, 0, 0]]

evil_1.9.2020 = [[9, 0, 0, 0, 0, 0, 0, 0, 4], [0, 0, 8, 0, 3, 0, 0, 2, 0], [0, 7, 5, 0, 0, 1, 9, 0, 0], [0, 0, 0, 0, 0, 7, 1, 0, 0], [0, 9, 0, 0, 6, 0, 0, 3, 0], [0, 0, 1, 2, 0, 0, 0, 0, 0], [0, 0, 7, 8, 0, 0, 2, 5, 0], [0, 3, 0, 0, 2, 0, 7, 0, 0], [5, 0, 0, 0, 0, 0, 0, 0, 6]]
# vaatisi swordfishin.
swordfish_1 = [[1, 6, 0, 5, 4, 3, 0, 7, 0], [0, 7, 8, 6, 0, 1, 4, 3, 5], [4, 3, 5, 8, 0, 7, 6, 0, 1], [7, 2, 0, 4, 5, 8, 0, 6, 9], [6, 0, 0, 9, 1, 2, 0, 5, 7], [0, 0, 0, 3, 7, 6, 0, 0, 4], [0, 1, 6, 0, 3, 0, 0, 4, 0], [3, 0, 0, 0, 8, 0, 0, 1, 6], [0, 0, 7, 1, 6, 4, 5, 0, 3]]
swordfish_kaannetty = [[1, 0, 4, 7, 6, 0, 0, 3, 0], [6, 7, 3, 2, 0, 0, 1, 0, 0], [0, 8, 5, 0, 0, 0, 6, 0, 7], [5, 6, 8, 4, 9, 3, 0, 0, 1], [4, 0, 0, 5, 1, 7, 3, 8, 6], [3, 1, 7, 8, 2, 6, 0, 0, 4], [0, 4, 6, 0, 0, 0, 0, 0, 5], [7, 3, 0, 6, 5, 0, 4, 1, 0], [0, 5, 1, 9, 7, 4, 0, 6, 3]]  

extreme_21.10.2020 = [[1, 0, 2, 0, 4, 0, 9, 0, 5], [0, 3, 0, 7, 0, 0, 0, 0, 0], [4, 0, 6, 0, 1, 0, 7, 0, 2], [0, 5, 0, 6, 0, 0, 0, 0, 0], [3, 0, 1, 0, 2, 0, 4, 0, 9], [0, 0, 0, 0, 0, 0, 0, 0, 0], [5, 0, 9, 0, 7, 0, 2, 0, 1], [0, 0, 0, 0, 0, 0, 0, 0, 0], [2, 0, 3, 0, 6, 0, 8, 0, 7]]
Ratkesi

extreme_20_10_2020 = [[8, 0, 0, 0, 9, 0, 0, 0, 2], [0, 0, 0, 2, 0, 3, 0, 0, 0], [0, 0, 6, 0, 7, 0, 9, 0, 0], [0, 2, 0, 0, 0, 0, 0, 3, 0], [7, 0, 1, 0, 3, 0, 6, 0, 8], [0, 6, 0, 0, 0, 0, 0, 4, 0], [0, 0, 5, 0, 1, 0, 7, 0, 0], [0, 0, 0, 5, 0, 4, 0, 0, 0], [4, 0, 0, 0, 8, 0, 0, 0, 6]]
Ratkesi

extreme_19_10_2020 = [[0, 9, 0, 0, 0, 0, 0, 1, 0], [5, 0, 0, 0, 1, 6, 0, 0, 8], [0, 0, 4, 0, 7, 0, 2, 0, 0], [0, 1, 0, 0, 0, 0, 0, 0, 0], [0, 7, 6, 0, 2, 0, 9, 8, 0], [0, 0, 0, 0, 0, 0, 0, 6, 0], [0, 0, 8, 0, 4, 0, 3, 0, 0], [7, 0, 0, 3, 9, 0, 0, 0, 5], [0, 5, 0, 0, 0, 0, 0, 7, 0]]
Ratkesi

extreme_18_10_2020 = [[0, 0, 1, 0, 0, 0, 7, 0, 0], [0, 0, 0, 3, 0, 6, 0, 0, 0], [3, 0, 6, 0, 5, 0, 4, 0, 9], [0, 7, 0, 5, 0, 2, 0, 8, 0], [0, 0, 5, 0, 0, 0, 2, 0, 0], [0, 6, 0, 7, 0, 3, 0, 9, 0], [2, 0, 7, 0, 9, 0, 6, 0, 1], [0, 0, 0, 6, 0, 1, 0, 0, 0], [0, 0, 4, 0, 0, 0, 9, 0, 0]]
Ratkesi

extreme_17_10_2020 = [[9, 0, 0, 0, 0, 0, 0, 0, 1], [0, 5, 0, 7, 0, 1, 0, 9, 0], [0, 0, 4, 0, 2, 0, 6, 0, 0], [0, 7, 0, 4, 0, 3, 0, 6, 0], [0, 0, 3, 0, 0, 0, 7, 0, 0], [0, 8, 0, 6, 0, 7, 0, 5, 0], [0, 0, 1, 0, 5, 0, 3, 0, 0], [0, 4, 0, 8, 0, 6, 0, 2, 0], [8, 0, 0, 0, 0, 0, 0, 0, 6]]
Ratkesi

extreme_16_10_2020 = [[5, 0, 0, 0, 1, 0, 0, 0, 3], [0, 8, 0, 0, 0, 0, 0, 9, 0], [0, 0, 0, 8, 7, 9, 0, 0, 0], [0, 0, 2, 0, 0, 0, 9, 0, 0], [9, 0, 3, 0, 5, 0, 8, 0, 6], [0, 0, 8, 0, 0, 0, 4, 0, 0], [0, 0, 0, 3, 6, 2, 0, 0, 0], [0, 2, 0, 0, 0, 0, 0, 4, 0], [7, 0, 0, 0, 8, 0, 0, 0, 1]]
Ratkesi

extreme_15_10_2020 = [[0, 1, 0, 0, 8, 0, 0, 4, 0], [6, 0, 0, 2, 0, 7, 0, 0, 1], [0, 0, 7, 0, 0, 0, 3, 0, 0], [0, 3, 0, 4, 0, 6, 0, 8, 0], [5, 0, 0, 0, 0, 0, 0, 0, 9], [0, 9, 0, 5, 0, 8, 0, 1, 0], [0, 0, 2, 0, 0, 0, 1, 0, 0], [1, 0, 0, 9, 0, 2, 0, 0, 6], [0, 7, 0, 0, 5, 0, 0, 3, 0]]
Ratkesi

maailman_vaikein_t_hesari = [[8, 0, 0, 0, 0, 0, 0, 0, 0], [0, 0, 3, 6, 0, 0, 0, 0, 0], [0, 7, 0, 0, 9, 0, 2, 0, 0], [0, 5, 0, 0, 0, 7, 0, 0, 0], [0, 0, 0, 0, 4, 5, 7, 0, 0], [0, 0, 0, 1, 0, 0, 0, 3, 0], [0, 0, 1, 0, 0, 0, 0, 6, 8], [0, 0, 8, 5, 0, 0, 0, 1, 0], [0, 9, 0, 0, 0, 0, 4, 0, 0]]


evil_22_10_2020 = [[0, 0, 0, 5, 0, 0, 0, 0, 1], [0, 0, 9, 0, 1, 0, 0, 3, 0], [0, 4, 0, 0, 0, 2, 9, 0, 0], [3, 0, 0, 0, 0, 9, 2, 0, 0], [0, 8, 0, 0, 4, 0, 0, 7, 0], [0, 0, 4, 8, 0, 0, 0, 0, 3], [0, 0, 7, 1, 0, 0, 0, 9, 0], [0, 2, 0, 0, 8, 0, 7, 0, 0], [6, 0, 0, 0, 0, 7, 0, 0, 0]]
Ratkesi

extreme_22_10_2020 = [[0, 6, 0, 0, 0, 1, 0, 0, 0], [0, 5, 0, 0, 6, 0, 0, 2, 3], [0, 0, 9, 0, 3, 0, 8, 0, 0], [7, 0, 0, 0, 0, 0, 0, 0, 0], [0, 1, 3, 0, 2, 0, 5, 9, 0], [0, 0, 0, 0, 0, 0, 0, 0, 6], [0, 0, 8, 0, 9, 0, 4, 0, 0], [4, 7, 0, 0, 1, 0, 0, 3, 0], [0, 0, 0, 7, 0, 0, 0, 5, 0]]
Ratkesi

raps = [[2, 3, 4, 0, 0, 0, 0, 0, 0], [9, 0, 0, 0, 0, 0, 0, 0, 7], [5, 8, 6, 0, 0, 0, 0, 0, 0], [0, 0, 0, 0, 0, 0, 0, 0, 0], [0, 0, 0, 0, 0, 0, 0, 0, 0], [0, 0, 0, 0, 0, 0, 0, 0, 0], [0, 0, 0, 0, 0, 0, 0, 0, 0], [0, 0, 0, 0, 0, 0, 0, 0, 0], [0, 0, 0, 0, 0, 0, 0, 0, 0]]

gm_11 = [[0, 0, 0, 0, 0, 0, 0, 0, 2], [6, 0, 0, 0, 9, 0, 1, 7, 8], [7, 1, 0, 3, 0, 0, 0, 0, 0], [1, 0, 0, 0, 0, 0, 0, 0, 0], [0, 0, 0, 0, 6, 5, 0, 4, 0], [0, 4, 9, 0, 0, 0, 8, 0, 1], [0, 3, 4, 0, 0, 0, 0, 2, 0], [0, 0, 1, 0, 5, 0, 0, 0, 0], [2, 0, 0, 6, 0, 0, 4, 0, 0]]
Ratkesi

gm_12 = [[0, 9, 0, 0, 5, 0, 0, 4, 0], [0, 0, 0, 0, 0, 0, 1, 0, 2], [0, 0, 5, 4, 1, 0, 0, 0, 6], [0, 0, 0, 0, 8, 0, 0, 0, 5], [8, 6, 0, 0, 0, 7, 0, 0, 0], [0, 0, 0, 0, 0, 0, 9, 0, 0], [2, 0, 1, 0, 7, 0, 0, 0, 0], [9, 0, 0, 0, 0, 0, 6, 7, 8], [0, 0, 7, 3, 0, 8, 4, 0, 0]]
Ratkesi

gm_13 = [[0, 0, 0, 0, 5, 0, 0, 0, 0], [0, 0, 0, 0, 0, 2, 3, 9, 0], [3, 0, 1, 7, 0, 4, 0, 0, 0], [5, 9, 0, 0, 4, 0, 2, 3, 0], [4, 2, 0, 0, 6, 5, 0, 0, 0], [7, 0, 0, 0, 0, 0, 0, 4, 0], [0, 0, 0, 0, 0, 0, 0, 0, 4], [0, 6, 0, 9, 0, 0, 0, 0, 0], [0, 0, 0, 0, 0, 0, 7, 0, 6]]
Ratkesi

gm_14 = [[0, 0, 0, 0, 8, 0, 2, 7, 0], [0, 0, 0, 0, 5, 0, 0, 6, 4], [3, 0, 0, 0, 7, 0, 5, 0, 1], [0, 3, 5, 4, 0, 0, 0, 0, 0], [0, 0, 0, 1, 0, 0, 7, 0, 0], [0, 8, 6, 0, 0, 0, 0, 0, 0], [4, 0, 0, 0, 0, 5, 1, 0, 0], [2, 7, 0, 0, 0, 0, 0, 0, 3], [0, 0, 0, 0, 0, 3, 4, 0, 0]]
Ratkesi

gm_15 = [[0, 0, 0, 2, 0, 0, 0, 0, 0], [0, 0, 2, 0, 0, 0, 0, 5, 0], [0, 0, 6, 0, 0, 0, 4, 3, 0], [0, 0, 0, 0, 0, 0, 0, 0, 3], [0, 0, 4, 7, 0, 8, 0, 0, 0], [0, 8, 0, 0, 0, 1, 0, 9, 0], [4, 6, 0, 0, 2, 0, 0, 0, 7], [2, 0, 9, 5, 1, 0, 6, 0, 0], [3, 0, 0, 0, 0, 0, 0, 0, 0]]
Ratkesi

gm_16 = [[0, 6, 0, 4, 0, 7, 0, 5, 9], [0, 2, 0, 3, 0, 0, 0, 0, 6], [1, 0, 0, 9, 0, 8, 0, 0, 0], [9, 4, 2, 0, 0, 0, 0, 0, 0], [3, 0, 0, 0, 0, 0, 8, 0, 0], [0, 0, 0, 0, 3, 0, 0, 0, 0], [0, 0, 0, 0, 0, 0, 9, 0, 0], [0, 0, 7, 0, 0, 0, 0, 0, 1], [0, 0, 5, 6, 8, 0, 0, 4, 0]]
Ratkesi

gm_17 = [[1, 0, 0, 0, 0, 0, 0, 0, 9], [0, 6, 0, 2, 0, 0, 0, 0, 0], [4, 7, 0, 0, 0, 0, 6, 0, 5], [0, 0, 0, 0, 4, 0, 0, 0, 2], [8, 0, 1, 9, 0, 0, 0, 0, 0], [7, 0, 4, 0, 0, 0, 0, 8, 1], [3, 0, 0, 0, 0, 0, 0, 0, 0], [0, 5, 0, 0, 8, 4, 3, 0, 0], [0, 0, 0, 0, 3, 0, 7, 2, 0]]
Ratkesi

gm_18 = [[8, 0, 2, 6, 0, 0, 3, 4, 0], [0, 0, 1, 4, 0, 0, 0, 8, 0], [0, 0, 7, 0, 0, 2, 5, 0, 0], [0, 0, 3, 0, 0, 0, 0, 0, 0], [0, 0, 0, 1, 9, 0, 0, 0, 0], [0, 0, 0, 0, 4, 0, 0, 1, 0], [6, 0, 0, 0, 0, 8, 0, 0, 0], [0, 0, 0, 0, 0, 0, 2, 0, 3], [0, 4, 0, 0, 0, 5, 8, 0, 0]]
Ratkesi

gm_19 = [[0, 0, 9, 0, 0, 0, 3, 6, 7], [3, 8, 0, 0, 0, 0, 0, 0, 0], [6, 0, 0, 0, 0, 0, 0, 0, 1], [8, 0, 0, 0, 0, 0, 0, 0, 0], [2, 0, 0, 0, 0, 7, 6, 3, 0], [0, 4, 0, 6, 0, 5, 0, 0, 0], [0, 5, 3, 7, 0, 0, 8, 0, 6], [0, 0, 0, 2, 0, 0, 7, 0, 0], [0, 0, 0, 0, 1, 0, 0, 0, 0]]
Ratkesi

gm_20 = [[4, 9, 0, 0, 0, 0, 8, 0, 0], [8, 0, 0, 1, 0, 0, 0, 2, 0], [0, 0, 0, 6, 7, 0, 0, 0, 0], [0, 7, 0, 2, 0, 0, 0, 0, 0], [3, 0, 0, 0, 0, 4, 9, 0, 0], [0, 0, 9, 0, 0, 0, 0, 0, 0], [0, 4, 0, 0, 6, 0, 0, 9, 0], [0, 0, 8, 0, 0, 3, 5, 0, 0], [0, 0, 5, 0, 0, 0, 2, 7, 3]]
Ratkesi

gm_2_55 = [[0, 0, 2, 9, 7, 0, 0, 0, 0], [0, 8, 0, 0, 0, 0, 0, 0, 0], [0, 0, 1, 0, 0, 0, 0, 0, 4], [0, 0, 0, 0, 5, 0, 7, 6, 0], [0, 0, 0, 0, 0, 2, 0, 0, 0], [0, 0, 0, 0, 0, 0, 0, 1, 5], [8, 9, 0, 7, 1, 0, 0, 0, 0], [6, 0, 0, 3, 0, 0, 0, 0, 7], [4, 0, 0, 8, 0, 0, 9, 0, 0]]

gm_2_55_tahanasti = [[0, 0, 2, 9, 7, 0, 0, 0, 0], [0, 8, 0, 0, 0, 0, 0, 0, 0], [0, 0, 1, 0, 0, 0, 0, 0, 4], [0, 0, 0, 0, 5, 0, 7, 6, 0], [0, 0, 0, 0, 0, 2, 0, 0, 0], [0, 0, 0, 0, 0, 7, 0, 1, 5], [8, 9, 3, 7, 1, 0, 0, 0, 0], [6, 0, 5, 3, 0, 0, 0, 0, 7], [4, 0, 7, 8, 0, 0, 9, 0, 0]]Ratkesi

gm_2_55 = [[0, 0, 2, 9, 7, 0, 0, 0, 0], [0, 8, 0, 0, 0, 0, 0, 0, 0], [0, 0, 1, 0, 0, 0, 0, 0, 4], [0, 0, 0, 0, 5, 0, 7, 6, 0], [0, 0, 0, 0, 0, 2, 0, 0, 0], [0, 0, 0, 0, 0, 0, 0, 1, 5], [8, 9, 0, 7, 1, 0, 0, 0, 0], [6, 0, 0, 3, 0, 0, 0, 0, 7], [4, 0, 0, 8, 0, 0, 9, 0, 0]]
Ratkesi
Ratkesi

piilotettu_pari = [[0, 4, 9, 1, 3, 2, 0, 0, 0], [0, 8, 1, 4, 7, 9, 0, 0, 0], [3, 2, 7, 6, 8, 5, 9, 1, 4], [0, 9, 6, 0, 5, 1, 8, 0, 0], [0, 7, 5, 0, 2, 8, 0, 0, 0], [0, 3, 8, 0, 4, 6, 0, 0, 5], [8, 5, 3, 2, 6, 7, 0, 0, 0], [7, 1, 2, 8, 9, 4, 5, 6, 3], [9, 6, 4, 5, 1, 3, 0, 0, 0]]

piilotettu_pari_2 = [[0, 0, 0, 0, 6, 0, 0, 0, 0], [0, 0, 0, 0, 4, 2, 7, 3, 6], [0, 0, 6, 7, 3, 0, 0, 4, 0], [0, 9, 4, 0, 0, 0, 0, 6, 8], [0, 0, 0, 0, 9, 6, 4, 0, 7], [6, 0, 7, 0, 5, 0, 9, 2, 3], [1, 0, 0, 0, 0, 0, 0, 8, 5], [0, 6, 0, 0, 8, 0, 2, 7, 1], [0, 0, 5, 0, 1, 0, 0, 9, 4]]

piiloutunut_tripla = [[2, 8, 0, 0, 0, 0, 4, 7, 3], [5, 3, 4, 8, 2, 7, 1, 9, 6], [0, 7, 1, 0, 3, 4, 0, 8, 0], [3, 0, 0, 5, 0, 0, 0, 4, 0], [0, 0, 0, 3, 4, 0, 0, 6, 0], [4, 6, 0, 7, 9, 0, 3, 1, 0], [0, 9, 0, 2, 0, 3, 6, 5, 4], [0, 0, 3, 0, 0, 9, 8, 2, 1], [0, 0, 0, 0, 8, 0, 9, 3, 7]]

piiloutunut_tripla_2 = [[5, 0, 0, 6, 2, 0, 0, 3, 7], [0, 0, 4, 8, 9, 0, 0, 0, 0], [0, 0, 0, 0, 5, 0, 0, 0, 0], [9, 3, 0, 0, 0, 0, 0, 0, 0], [0, 2, 0, 0, 0, 0, 6, 0, 5], [7, 0, 0, 0, 0, 0, 0, 0, 3], [0, 0, 0, 0, 0, 9, 0, 0, 0], [0, 0, 0, 0, 0, 0, 7, 0, 0], [6, 8, 0, 5, 7, 0, 0, 0, 2]]

piiloutunut_nelikko_1 = [[8, 1, 6, 5, 7, 3, 2, 9, 4], [3, 9, 2, 0, 0, 0, 0, 0, 0], [4, 5, 7, 2, 0, 9, 0, 0, 6], [9, 4, 1, 0, 0, 0, 5, 6, 8], [7, 8, 5, 4, 9, 6, 1, 2, 3], [6, 2, 3, 8, 0, 0, 0, 4, 0], [2, 7, 9, 0, 0, 0, 0, 0, 1], [1, 3, 8, 0, 0, 0, 0, 7, 0], [5, 6, 4, 0, 0, 0, 0, 8, 2]]

hidden_quad_1 = [[6, 5, 0, 0, 8, 7, 0, 2, 4], [0, 0, 0, 6, 4, 9, 0, 5, 0], [0, 4, 0, 0, 2, 5, 0, 0, 0], [5, 7, 0, 4, 3, 8, 0, 6, 1], [0, 0, 0, 5, 0, 1, 0, 0, 0], [3, 1, 0, 9, 0, 2, 0, 8, 5], [0, 0, 0, 8, 9, 0, 0, 1, 0], [0, 0, 0, 2, 1, 3, 0, 0, 0], [1, 3, 0, 7, 5, 0, 0, 9, 8]]

gm_2_56 = [[0, 0, 0, 0, 0, 0, 4, 2, 1], [0, 1, 2, 0, 0, 0, 0, 0, 9], [5, 0, 0, 0, 0, 0, 0, 0, 0], [9, 0, 0, 6, 0, 5, 0, 7, 0], [0, 0, 0, 0, 0, 0, 5, 3, 2], [0, 0, 0, 7, 0, 0, 0, 1, 0], [8, 4, 0, 0, 9, 0, 0, 0, 0], [0, 0, 0, 0, 0, 0, 0, 0, 0], [0, 2, 7, 8, 1, 0, 0, 0, 0]]
Ratkesi
gm_2_57 = [[9, 0, 8, 6, 0, 0, 0, 0, 3], [0, 6, 0, 0, 4, 1, 0, 0, 5], [0, 0, 0, 0, 0, 0, 0, 0, 0], [0, 7, 0, 0, 0, 0, 0, 0, 4], [0, 5, 0, 0, 3, 0, 0, 0, 0], [2, 4, 6, 0, 0, 0, 0, 7, 0], [0, 0, 0, 8, 0, 0, 0, 6, 0], [0, 0, 7, 0, 0, 0, 8, 0, 0], [0, 0, 0, 4, 5, 2, 0, 0, 0]]
Ratkesi

ehka_hidden_quad = [[6, 3, 2, 1, 4, 5, 9, 7, 8], [8, 1, 0, 0, 9, 0, 0, 0, 4], [0, 4, 0, 0, 8, 0, 0, 1, 0], [0, 0, 0, 8, 5, 0, 0, 0, 0], [1, 6, 0, 2, 7, 4, 0, 0, 0], [0, 0, 0, 9, 6, 0, 0, 0, 0], [4, 8, 1, 5, 2, 9, 0, 6, 0], [7, 5, 3, 4, 1, 6, 0, 0, 9], [2, 9, 6, 7, 3, 8, 0, 4, 0]]
!!! XY_chain teht채v채 t채t채 varten
gm_2:58 = [[0, 0, 0, 0, 3, 0, 0, 0, 0], [0, 0, 0, 0, 0, 7, 0, 2, 5], [4, 0, 2, 0, 0, 9, 0, 0, 0], [1, 0, 0, 0, 0, 0, 6, 7, 0], [5, 0, 0, 4, 8, 6, 0, 0, 0], [8, 0, 0, 0, 9, 0, 0, 0, 0], [9, 0, 5, 0, 1, 0, 0, 0, 0], [0, 0, 7, 2, 0, 0, 8, 0, 0], [0, 4, 0, 0, 0, 0, 1, 0, 6]]
Ratkesi

gm_2_59 = [[4, 0, 0, 0, 2, 3, 0, 0, 0], [0, 0, 0, 0, 8, 0, 1, 0, 0], [0, 0, 2, 0, 0, 0, 0, 0, 0], [0, 0, 0, 0, 6, 0, 0, 0, 0], [0, 8, 0, 0, 9, 0, 0, 0, 0], [0, 1, 7, 0, 0, 0, 4, 0, 5], [5, 9, 0, 3, 0, 0, 6, 4, 0], [3, 0, 0, 0, 0, 5, 0, 0, 0], [0, 0, 0, 0, 0, 0, 0, 9, 0]]
Ratkesi

gm_2_60 = [[0, 0, 0, 0, 0, 0, 0, 0, 0], [0, 0, 0, 0, 8, 0, 7, 0, 2], [4, 0, 5, 0, 0, 0, 0, 6, 0], [0, 2, 0, 0, 0, 0, 0, 0, 1], [0, 0, 0, 6, 5, 0, 0, 4, 0], [3, 7, 0, 0, 0, 8, 0, 0, 0], [1, 4, 0, 2, 0, 0, 3, 0, 0], [0, 0, 0, 7, 0, 0, 0, 0, 0], [7, 0, 0, 0, 0, 0, 0, 5, 4]]
Ratkesi

gm_2_61 = [[0, 0, 7, 0, 8, 0, 9, 6, 0], [0, 0, 3, 0, 5, 1, 8, 0, 0], [0, 0, 8, 0, 9, 0, 7, 0, 0], [4, 2, 0, 6, 7, 0, 0, 5, 0], [0, 0, 0, 0, 0, 0, 0, 0, 0], [0, 0, 0, 0, 0, 0, 4, 0, 0], [0, 0, 0, 5, 0, 3, 0, 1, 0], [0, 3, 2, 0, 0, 0, 0, 0, 0], [5, 7, 0, 0, 0, 0, 0, 0, 9]]
Ratkesi

gm_2_62 = [[0, 0, 0, 0, 6, 3, 0, 0, 0], [7, 0, 0, 1, 0, 0, 0, 0, 0], [0, 0, 0, 5, 0, 0, 9, 0, 0], [0, 8, 0, 0, 0, 0, 0, 1, 0], [9, 0, 0, 0, 0, 0, 5, 0, 7], [0, 0, 1, 0, 5, 0, 4, 0, 0], [8, 7, 0, 2, 0, 0, 0, 0, 9], [6, 1, 0, 7, 0, 0, 0, 4, 0], [0, 9, 0, 0, 0, 0, 0, 8, 3]]
Ratkesi
